0.000000000,0.000843170,0.999999953
0.000000000,0.070826307,0.999994829
0.001126126,0.070826307,0.999994742
0.001126126,0.106239460,0.999990200
0.002252252,0.106239460,0.999990197
0.002252252,0.117200675,0.999988201
0.003378378,0.117200675,0.999988048
0.003378378,0.137436762,0.999985943
0.004504505,0.137436762,0.999985912
0.004504505,0.172849916,0.999979454
0.005630631,0.172849916,0.999979428
0.005630631,0.214165261,0.999968779
0.006756757,0.214165261,0.999968436
0.006756757,0.223440135,0.999964868
0.007882883,0.223440135,0.999964631
0.007882883,0.225126476,0.999964241
0.009009009,0.225126476,0.999964207
0.009009009,0.228499157,0.999963153
0.010135135,0.228499157,0.999963150
0.010135135,0.233558179,0.999959659
0.011261261,0.233558179,0.999958010
0.011261261,0.256323777,0.999949146
0.012387387,0.256323777,0.999948894
0.012387387,0.304384486,0.999911020
0.013513514,0.304384486,0.999910588
0.013513514,0.350758853,0.999874649
0.014639640,0.350758853,0.999874557
0.014639640,0.365935919,0.999865969
0.015765766,0.365935919,0.999864446
0.015765766,0.366779089,0.999861293
0.016891892,0.366779089,0.999861252
0.016891892,0.377740304,0.999852214
0.018018018,0.377740304,0.999851772
0.018018018,0.385328836,0.999841209
0.019144144,0.385328836,0.999840657
0.019144144,0.386172007,0.999840169
0.020270270,0.386172007,0.999838785
0.020270270,0.405564924,0.999820144
0.021396396,0.405564924,0.999819476
0.021396396,0.411467116,0.999813290
0.022522523,0.411467116,0.999810600
0.022522523,0.418212479,0.999799441
0.023648649,0.418212479,0.999797897
0.023648649,0.431703204,0.999776688
0.024774775,0.431703204,0.999776081
0.024774775,0.448566610,0.999747001
0.025900901,0.448566610,0.999746698
0.025900901,0.452782462,0.999739573
0.027027027,0.452782462,0.999738699
0.027027027,0.462900506,0.999720581
0.028153153,0.462900506,0.999718821
0.028153153,0.464586847,0.999713915
0.029279279,0.464586847,0.999713415
0.029279279,0.473861720,0.999690381
0.031531532,0.473861720,0.999686219
0.031531532,0.483979764,0.999654983
0.032657658,0.483979764,0.999654135
0.032657658,0.494097808,0.999623423
0.033783784,0.494097808,0.999617769
0.033783784,0.496627319,0.999614238
0.034909910,0.496627319,0.999613455
0.034909910,0.510118044,0.999558558
0.036036036,0.510118044,0.999555994
0.036036036,0.516020236,0.999540352
0.037162162,0.516020236,0.999536897
0.037162162,0.522765599,0.999508753
0.038288288,0.522765599,0.999506623
0.038288288,0.540472175,0.999459636
0.039414414,0.540472175,0.999456772
0.039414414,0.541315346,0.999454352
0.040540541,0.541315346,0.999450559
0.040540541,0.542158516,0.999449935
0.041666667,0.542158516,0.999448367
0.041666667,0.543001686,0.999438746
0.042792793,0.543001686,0.999438527
0.042792793,0.544688027,0.999430963
0.043918919,0.544688027,0.999430561
0.043918919,0.546374368,0.999419504
0.045045045,0.546374368,0.999414801
0.045045045,0.560708263,0.999385831
0.046171171,0.560708263,0.999384054
0.046171171,0.563237774,0.999366392
0.048423423,0.563237774,0.999363650
0.048423423,0.569139966,0.999329123
0.049549550,0.569139966,0.999327386
0.049549550,0.575042159,0.999272404
0.050675676,0.575042159,0.999270656
0.050675676,0.576728499,0.999262047
0.051801802,0.576728499,0.999251493
0.051801802,0.578414840,0.999248767
0.052927928,0.578414840,0.999244053
0.052927928,0.584317032,0.999221712
0.054054054,0.584317032,0.999218497
0.054054054,0.586846543,0.999213108
0.055180180,0.586846543,0.999194739
0.055180180,0.594435076,0.999157657
0.056306306,0.594435076,0.999148610
0.056306306,0.597807757,0.999134884
0.057432432,0.597807757,0.999133179
0.057432432,0.598650927,0.999131473
0.058558559,0.598650927,0.999130864
0.058558559,0.601180438,0.999114529
0.059684685,0.601180438,0.999113363
0.059684685,0.607925801,0.999081935
0.060810811,0.607925801,0.999078389
0.060810811,0.612984823,0.999060057
0.061936937,0.612984823,0.999039679
0.061936937,0.616357504,0.999033753
0.063063063,0.616357504,0.999032609
0.063063063,0.618043845,0.998978144
0.066441441,0.618043845,0.998964828
0.066441441,0.618887015,0.998953349
0.067567568,0.618887015,0.998941541
0.067567568,0.621416526,0.998932676
0.069819820,0.621416526,0.998913337
0.069819820,0.625632378,0.998884629
0.070945946,0.625632378,0.998878292
0.070945946,0.627318718,0.998864520
0.074324324,0.627318718,0.998840176
0.074324324,0.629848229,0.998821819
0.076576577,0.629848229,0.998820061
0.076576577,0.630691400,0.998815717
0.077702703,0.630691400,0.998814678
0.077702703,0.634907251,0.998780436
0.079954955,0.634907251,0.998767585
0.079954955,0.639966273,0.998735596
0.081081081,0.639966273,0.998734242
0.081081081,0.641652614,0.998726090
0.083333333,0.641652614,0.998698987
0.083333333,0.645025295,0.998670044
0.085585586,0.645025295,0.998661054
0.085585586,0.645868465,0.998650021
0.087837838,0.645868465,0.998636422
0.087837838,0.648397976,0.998625138
0.088963964,0.648397976,0.998621903
0.088963964,0.649241147,0.998617178
0.090090090,0.649241147,0.998597049
0.090090090,0.656829680,0.998468974
0.092342342,0.656829680,0.998460402
0.092342342,0.659359191,0.998436726
0.094594595,0.659359191,0.998421116
0.094594595,0.666947723,0.998362738
0.095720721,0.666947723,0.998355152
0.095720721,0.667790894,0.998336067
0.096846847,0.667790894,0.998333226
0.096846847,0.669477234,0.998308060
0.097972973,0.669477234,0.998301576
0.097972973,0.670320405,0.998299813
0.099099099,0.670320405,0.998294363
0.099099099,0.671163575,0.998293633
0.100225225,0.671163575,0.998265619
0.100225225,0.675379427,0.998188091
0.102477477,0.675379427,0.998145780
0.102477477,0.676222597,0.998130935
0.103603604,0.676222597,0.998116182
0.103603604,0.677908938,0.998109546
0.104729730,0.677908938,0.998095953
0.104729730,0.681281619,0.998070656
0.106981982,0.681281619,0.998054344
0.106981982,0.682124789,0.998034216
0.108108108,0.682124789,0.998026458
0.108108108,0.682967960,0.998023220
0.109234234,0.682967960,0.998011579
0.109234234,0.683811130,0.997995466
0.110360360,0.683811130,0.997992800
0.110360360,0.684654300,0.997988847
0.111486486,0.684654300,0.997965157
0.111486486,0.686340641,0.997954339
0.113738739,0.686340641,0.997939639
0.113738739,0.688026981,0.997914070
0.114864865,0.688026981,0.997889075
0.114864865,0.688870152,0.997869698
0.117117117,0.688870152,0.997842478
0.117117117,0.689713322,0.997840701
0.118243243,0.689713322,0.997831540
0.118243243,0.690556492,0.997817223
0.120495495,0.690556492,0.997795864
0.120495495,0.693086003,0.997733826
0.121621622,0.693086003,0.997687795
0.121621622,0.695615514,0.997675404
0.122747748,0.695615514,0.997668968
0.122747748,0.696458685,0.997657190
0.123873874,0.696458685,0.997649500
0.123873874,0.697301855,0.997634704
0.125000000,0.697301855,0.997628296
0.125000000,0.698145025,0.997626589
0.129504505,0.698145025,0.997605305
0.129504505,0.702360877,0.997521805
0.130630631,0.702360877,0.997514306
0.130630631,0.703204047,0.997495947
0.131756757,0.703204047,0.997494988
0.131756757,0.706576728,0.997452007
0.136261261,0.706576728,0.997426456
0.136261261,0.707419899,0.997409723
0.137387387,0.707419899,0.997397921
0.137387387,0.714165261,0.997266958
0.139639640,0.714165261,0.997247054
0.139639640,0.715851602,0.997226871
0.140765766,0.715851602,0.997211191
0.140765766,0.716694772,0.997193264
0.145270270,0.716694772,0.997113633
0.145270270,0.718381113,0.997067786
0.150900901,0.718381113,0.996993507
0.150900901,0.719224283,0.996990851
0.152027027,0.719224283,0.996990053
0.152027027,0.720067454,0.996978184
0.153153153,0.720067454,0.996974165
0.153153153,0.720910624,0.996927687
0.156531532,0.720910624,0.996826709
0.156531532,0.721753794,0.996821337
0.159909910,0.721753794,0.996756862
0.159909910,0.722596965,0.996744224
0.163288288,0.722596965,0.996735405
0.163288288,0.723440135,0.996699730
0.168918919,0.723440135,0.996640516
0.168918919,0.728499157,0.996576976
0.173423423,0.728499157,0.996553865
0.173423423,0.729342327,0.996532587
0.175675676,0.729342327,0.996467991
0.175675676,0.732715008,0.996413292
0.179054054,0.732715008,0.996273070
0.179054054,0.733558179,0.996264502
0.181306306,0.733558179,0.996210271
0.181306306,0.735244519,0.996209713
0.191441441,0.735244519,0.996105214
0.191441441,0.737774030,0.996083183
0.192567568,0.737774030,0.996058287
0.192567568,0.739460371,0.996044371
0.194819820,0.739460371,0.996036296
0.194819820,0.740303541,0.996019037
0.197072072,0.740303541,0.995995713
0.197072072,0.741989882,0.995968859
0.201576577,0.741989882,0.995952345
0.201576577,0.742833052,0.995939797
0.207207207,0.742833052,0.995889409
0.207207207,0.743676223,0.995887306
0.210585586,0.743676223,0.995825458
0.210585586,0.745362563,0.995808846
0.216216216,0.745362563,0.995734328
0.216216216,0.746205734,0.995734012
0.217342342,0.746205734,0.995731139
0.217342342,0.747892074,0.995672543
0.218468468,0.747892074,0.995638363
0.218468468,0.748735245,0.995602996
0.222972973,0.748735245,0.995539406
0.222972973,0.751264755,0.995466021
0.224099099,0.751264755,0.995452481
0.224099099,0.753794266,0.995427655
0.227477477,0.753794266,0.995382157
0.227477477,0.755480607,0.995305279
0.228603604,0.755480607,0.995297539
0.228603604,0.756323777,0.995263939
0.229729730,0.756323777,0.995234291
0.229729730,0.758010118,0.995197129
0.230855856,0.758010118,0.995173030
0.230855856,0.759696459,0.995107528
0.234234234,0.759696459,0.995064732
0.234234234,0.760539629,0.995012269
0.237612613,0.760539629,0.994930462
0.237612613,0.761382799,0.994827602
0.243243243,0.761382799,0.994750940
0.243243243,0.762225970,0.994695537
0.247747748,0.762225970,0.994612919
0.247747748,0.763069140,0.994572617
0.252252252,0.763069140,0.994517918
0.252252252,0.763912310,0.994502772
0.256756757,0.763912310,0.994407909
0.256756757,0.764755481,0.994403031
0.260135135,0.764755481,0.994387234
0.260135135,0.765598651,0.994374728
0.265765766,0.765598651,0.994275526
0.265765766,0.766441821,0.994251106
0.268018018,0.766441821,0.994222806
0.268018018,0.767284992,0.994207269
0.269144144,0.767284992,0.994107876
0.269144144,0.772344013,0.993967193
0.270270270,0.772344013,0.993964450
0.270270270,0.773187184,0.993952251
0.271396396,0.773187184,0.993936641
0.271396396,0.774030354,0.993936512
0.273648649,0.774030354,0.993864615
0.273648649,0.774873524,0.993854224
0.275900901,0.774873524,0.993789232
0.275900901,0.775716695,0.993787225
0.278153153,0.775716695,0.993736868
0.278153153,0.776559865,0.993733653
0.279279279,0.776559865,0.993642713
0.279279279,0.777403035,0.993628308
0.281531532,0.777403035,0.993562864
0.281531532,0.779932546,0.993443511
0.282657658,0.779932546,0.993424781
0.282657658,0.780775717,0.993369241
0.283783784,0.780775717,0.993346838
0.283783784,0.781618887,0.993334230
0.288288288,0.781618887,0.993254937
0.288288288,0.784148398,0.993156229
0.290540541,0.784148398,0.993061102
0.290540541,0.784991568,0.993039264
0.291666667,0.784991568,0.992968446
0.291666667,0.787521079,0.992941978
0.298423423,0.787521079,0.992647950
0.298423423,0.788364250,0.992625554
0.300675676,0.788364250,0.992600160
0.300675676,0.789207420,0.992587583
0.302927928,0.789207420,0.992564068
0.302927928,0.790050590,0.992410382
0.304054054,0.790050590,0.992328051
0.304054054,0.791736931,0.992284537
0.310810811,0.791736931,0.992127551
0.310810811,0.792580101,0.992098250
0.311936937,0.792580101,0.992075910
0.311936937,0.793423272,0.991971010
0.315315315,0.793423272,0.991881829
0.315315315,0.795109612,0.991858539
0.334459459,0.795109612,0.991324318
0.334459459,0.795952782,0.991292148
0.337837838,0.795952782,0.991183717
0.337837838,0.796795953,0.991169004
0.340090090,0.796795953,0.991048388
0.340090090,0.797639123,0.991047816
0.346846847,0.797639123,0.990987407
0.346846847,0.798482293,0.990971294
0.350225225,0.798482293,0.990927369
0.350225225,0.799325464,0.990923488
0.352477477,0.799325464,0.990904207
0.352477477,0.800168634,0.990894072
0.358108108,0.800168634,0.990774779
0.358108108,0.801011804,0.990769748
0.361486486,0.801011804,0.990546664
0.361486486,0.802698145,0.990481552
0.364864865,0.802698145,0.990407279
0.364864865,0.803541315,0.990406491
0.365990991,0.803541315,0.990406332
0.365990991,0.804384486,0.990367057
0.367117117,0.804384486,0.990353341
0.367117117,0.805227656,0.990346027
0.370495495,0.805227656,0.990183845
0.370495495,0.806070826,0.990133770
0.373873874,0.806070826,0.990073179
0.373873874,0.806913997,0.990055834
0.377252252,0.806913997,0.989964548
0.377252252,0.807757167,0.989963672
0.379504505,0.807757167,0.989898505
0.379504505,0.808600337,0.989784207
0.388513514,0.808600337,0.989595084
0.388513514,0.809443508,0.989558595
0.393018018,0.809443508,0.989478174
0.393018018,0.810286678,0.989477569
0.394144144,0.810286678,0.989421010
0.394144144,0.811129848,0.989408205
0.395270270,0.811129848,0.989368615
0.395270270,0.811973019,0.989353684
0.400900901,0.811973019,0.989267901
0.400900901,0.812816189,0.989265951
0.406531532,0.812816189,0.989115480
0.406531532,0.813659359,0.989088351
0.412162162,0.813659359,0.988976338
0.412162162,0.814502530,0.988973640
0.415540541,0.814502530,0.988885290
0.415540541,0.815345700,0.988881359
0.420045045,0.815345700,0.988814066
0.420045045,0.817032040,0.988688006
0.423423423,0.817032040,0.988595486
0.423423423,0.817875211,0.988551404
0.436936937,0.817875211,0.988109536
0.436936937,0.818718381,0.988087201
0.444819820,0.818718381,0.987799565
0.444819820,0.819561551,0.987782054
0.452702703,0.819561551,0.987501864
0.452702703,0.820404722,0.987397737
0.458333333,0.820404722,0.987175363
0.458333333,0.821247892,0.987135895
0.460585586,0.821247892,0.987056251
0.460585586,0.822091062,0.986959340
0.472972973,0.822091062,0.986738061
0.472972973,0.822934233,0.986697766
0.476351351,0.822934233,0.986653106
0.476351351,0.823777403,0.986610710
0.480855856,0.823777403,0.986467049
0.480855856,0.824620573,0.986190921
0.502252252,0.824620573,0.985638117
0.502252252,0.825463744,0.985634242
0.513513514,0.825463744,0.985194860
0.513513514,0.827150084,0.985158287
0.538288288,0.827150084,0.984448725
0.538288288,0.827993255,0.984439371
0.542792793,0.827993255,0.984384332
0.542792793,0.828836425,0.984383020
0.546171171,0.828836425,0.984287850
0.546171171,0.829679595,0.984267734
0.570945946,0.829679595,0.983703952
0.570945946,0.830522766,0.983669250
0.587837838,0.830522766,0.983293072
0.587837838,0.831365936,0.983290996
0.593468468,0.831365936,0.983026637
0.593468468,0.832209106,0.982988748
0.609234234,0.832209106,0.982473873
0.609234234,0.833052277,0.982465800
0.622747748,0.833052277,0.982102245
0.622747748,0.833895447,0.982020527
0.625000000,0.833895447,0.981922511
0.625000000,0.834738617,0.981920687
0.638513514,0.834738617,0.981326654
0.638513514,0.835581788,0.981321043
0.655405405,0.835581788,0.980724824
0.655405405,0.836424958,0.980714284
0.661036036,0.836424958,0.980585772
0.661036036,0.837268128,0.980558911
0.671171171,0.837268128,0.980191273
0.671171171,0.838111298,0.980186292
0.681306306,0.838111298,0.979950193
0.681306306,0.839797639,0.979854850
0.697072072,0.839797639,0.979488954
0.697072072,0.840640809,0.979488590
0.712837838,0.840640809,0.978723137
0.712837838,0.841483980,0.978705221
0.736486486,0.841483980,0.977713503
0.736486486,0.842327150,0.977627424
0.742117117,0.842327150,0.977328238
0.742117117,0.843170320,0.977318003
0.769144144,0.843170320,0.976765284
0.769144144,0.844013491,0.976725979
0.799549550,0.844013491,0.975916973
0.799549550,0.844856661,0.975779546
0.814189189,0.844856661,0.975159034
0.814189189,0.845699831,0.975142667
0.834459459,0.845699831,0.974455008
0.834459459,0.846543002,0.974446152
0.842342342,0.846543002,0.973972257
0.842342342,0.848229342,0.973884105
0.847972973,0.848229342,0.973600329
0.847972973,0.849072513,0.973470787
0.852477477,0.849072513,0.973269277
0.852477477,0.849915683,0.973259040
0.856981982,0.849915683,0.973124609
0.856981982,0.850758853,0.973043630
0.859234234,0.850758853,0.973025270
0.859234234,0.851602024,0.973007987
0.872747748,0.851602024,0.972366788
0.872747748,0.852445194,0.972357306
0.877252252,0.852445194,0.972218535
0.877252252,0.853288364,0.972209222
0.878378378,0.853288364,0.972159042
0.878378378,0.854131535,0.972095959
0.896396396,0.854131535,0.971355558
0.896396396,0.854974705,0.971308952
0.918918919,0.854974705,0.970672943
0.918918919,0.855817875,0.970671172
0.920045045,0.855817875,0.970629495
0.920045045,0.856661046,0.970627966
0.934684685,0.856661046,0.970169993
0.934684685,0.857504216,0.970166143
0.956081081,0.857504216,0.969289023
0.956081081,0.858347386,0.969263335
0.971846847,0.858347386,0.968678217
0.971846847,0.859190556,0.968649139
0.974099099,0.859190556,0.968516283
0.974099099,0.860033727,0.968448981
0.975225225,0.860033727,0.968446883
0.975225225,0.860876897,0.968444129
0.993243243,0.860876897,0.967985969
0.993243243,0.861720067,0.967856894
1.036036036,0.861720067,0.966160977
1.036036036,0.862563238,0.966132468
1.037162162,0.862563238,0.966128543
1.037162162,0.863406408,0.966102678
1.045045045,0.863406408,0.965661207
1.045045045,0.864249578,0.965526109
1.072072072,0.864249578,0.963976677
1.072072072,0.865092749,0.963904338
1.075450450,0.865092749,0.963726974
1.075450450,0.865935919,0.963720923
1.076576577,0.865935919,0.963667252
1.076576577,0.866779089,0.963630688
1.153153153,0.866779089,0.960236122
1.153153153,0.867622260,0.960230068
1.156531532,0.867622260,0.960085716
1.156531532,0.868465430,0.960065136
1.211711712,0.868465430,0.957959961
1.211711712,0.869308600,0.957926409
1.216216216,0.869308600,0.957332597
1.216216216,0.870151771,0.957193351
1.273648649,0.870151771,0.954614076
1.273648649,0.870994941,0.954613777
1.295045045,0.870994941,0.953874607
1.295045045,0.872681282,0.953827905
1.320945946,0.872681282,0.952698376
1.320945946,0.873524452,0.952689017
1.332207207,0.873524452,0.952238338
1.332207207,0.874367622,0.952076066
1.361486486,0.874367622,0.950995842
1.361486486,0.875210793,0.950964066
1.447072072,0.875210793,0.947108257
1.447072072,0.876053963,0.947084807
1.480855856,0.876053963,0.944979814
1.480855856,0.876897133,0.944904484
1.481981982,0.876897133,0.944864441
1.481981982,0.877740304,0.944820207
1.486486486,0.877740304,0.944592921
1.486486486,0.878583474,0.944586644
1.527027027,0.878583474,0.942377520
1.527027027,0.879426644,0.942302462
1.540540541,0.879426644,0.941646640
1.540540541,0.880269815,0.941629685
1.559684685,0.880269815,0.940717858
1.559684685,0.881112985,0.940612133
1.573198198,0.881112985,0.939714893
1.573198198,0.881956155,0.939692495
1.641891892,0.881956155,0.936232090
1.641891892,0.882799325,0.936092027
1.706081081,0.882799325,0.933120096
1.706081081,0.883642496,0.933059662
1.806306306,0.883642496,0.928196529
1.806306306,0.884485666,0.928176664
1.826576577,0.884485666,0.926840840
1.826576577,0.885328836,0.926810797
1.834459459,0.885328836,0.925941790
1.834459459,0.886172007,0.925938717
1.891891892,0.886172007,0.923326224
1.891891892,0.887015177,0.923218232
1.998873874,0.887015177,0.917121743
1.998873874,0.887858347,0.917037908
2.032657658,0.887858347,0.914655236
2.032657658,0.888701518,0.914643883
2.081081081,0.888701518,0.911979479
2.081081081,0.889544688,0.911975326
2.090090090,0.889544688,0.911155238
2.090090090,0.890387858,0.911041455
2.105855856,0.890387858,0.910157723
2.105855856,0.891231029,0.910127558
2.120495495,0.891231029,0.909435262
2.120495495,0.892074199,0.909387179
2.144144144,0.892074199,0.908411788
2.144144144,0.892917369,0.908410419
2.170045045,0.892917369,0.906829551
2.170045045,0.893760540,0.906803542
2.212837838,0.893760540,0.904581330
2.212837838,0.894603710,0.904494329
2.252252252,0.894603710,0.902159646
2.252252252,0.895446880,0.902151122
2.279279279,0.895446880,0.900400141
2.279279279,0.896290051,0.900365198
2.309684685,0.896290051,0.897589749
2.309684685,0.897976391,0.897529859
2.373873874,0.897976391,0.893260360
2.373873874,0.898819562,0.893073014
2.382882883,0.898819562,0.892507411
2.382882883,0.899662732,0.892377833
2.402027027,0.899662732,0.891477318
2.402027027,0.900505902,0.891459648
2.559684685,0.900505902,0.879646461
2.559684685,0.901349073,0.879424024
2.628378378,0.901349073,0.874004199
2.628378378,0.902192243,0.873965613
2.643018018,0.902192243,0.872961108
2.643018018,0.903035413,0.872903919
2.789414414,0.903035413,0.862253735
2.789414414,0.903878583,0.862249742
2.864864865,0.903878583,0.856787404
2.864864865,0.904721754,0.856752119
2.890765766,0.904721754,0.854910190
2.890765766,0.905564924,0.854454541
3.114864865,0.905564924,0.837283356
3.114864865,0.906408094,0.837153272
3.247747748,0.906408094,0.825660637
3.247747748,0.907251265,0.825213383
3.277027027,0.907251265,0.822863310
3.277027027,0.908094435,0.822839643
3.350225225,0.908094435,0.816912944
3.350225225,0.908937605,0.816908219
3.377252252,0.908937605,0.814482177
3.377252252,0.909780776,0.814098562
3.425675676,0.909780776,0.810214615
3.425675676,0.910623946,0.810123349
3.500000000,0.910623946,0.802548402
3.500000000,0.911467116,0.802481182
3.783783784,0.911467116,0.776701845
3.783783784,0.912310287,0.776671141
3.832207207,0.912310287,0.771848179
3.832207207,0.913153457,0.771734736
3.934684685,0.913153457,0.762945936
3.934684685,0.913996627,0.762871740
4.016891892,0.913996627,0.755597063
4.016891892,0.914839798,0.755470018
4.104729730,0.914839798,0.747635658
4.104729730,0.915682968,0.747471161
4.592342342,0.915682968,0.701084983
4.592342342,0.916526138,0.701050482
4.827702703,0.916526138,0.678961457
4.827702703,0.917369309,0.678904860
4.917792793,0.917369309,0.670394478
4.917792793,0.918212479,0.670318558
5.120495495,0.918212479,0.652951347
5.120495495,0.919055649,0.652940434
5.445945946,0.919055649,0.622371081
5.445945946,0.919898820,0.622309609
5.563063063,0.919898820,0.611292694
5.563063063,0.920741990,0.611149384
5.775900901,0.920741990,0.593233589
5.775900901,0.921585160,0.593224642
5.810810811,0.921585160,0.589750456
5.810810811,0.922428331,0.589565479
5.880630631,0.922428331,0.583560658
5.880630631,0.923271501,0.583427854
5.896396396,0.923271501,0.581968270
5.896396396,0.924114671,0.581958003
6.325450450,0.924114671,0.544942290
6.325450450,0.924957841,0.544929903
6.484234234,0.924957841,0.531002158
6.484234234,0.925801012,0.530966622
7.022522523,0.925801012,0.489743241
7.022522523,0.926644182,0.489570045
7.150900901,0.926644182,0.479878718
7.150900901,0.927487352,0.479849976
7.800675676,0.927487352,0.431661510
7.800675676,0.928330523,0.431654696
7.837837838,0.928330523,0.428586278
7.837837838,0.929173693,0.428499091
8.565315315,0.929173693,0.382638857
8.565315315,0.930016863,0.382614809
8.637387387,0.930016863,0.377490412
8.637387387,0.930860034,0.377321675
8.649774775,0.930860034,0.376837564
8.649774775,0.931703204,0.376828382
9.360360360,0.931703204,0.340311611
9.360360360,0.932546374,0.340281290
9.429054054,0.932546374,0.336374294
9.429054054,0.933389545,0.336371234
9.614864865,0.933389545,0.326174852
9.614864865,0.934232715,0.326089261
10.367117117,0.934232715,0.291294308
10.367117117,0.935075885,0.291239862
10.439189189,0.935075885,0.287965041
10.439189189,0.935919056,0.287938754
10.835585586,0.935919056,0.269798096
10.835585586,0.936762226,0.269721236
10.887387387,0.936762226,0.267479213
10.889639640,0.936762226,0.267450484
10.889639640,0.937605396,0.267420077
11.112612613,0.937605396,0.258551481
11.114864865,0.937605396,0.258458161
12.379504505,0.937605396,0.214986191
12.379504505,0.938448567,0.214863030
12.788288288,0.938448567,0.203329096
12.790540541,0.938448567,0.203269588
12.790540541,0.939291737,0.203236712
13.022522523,0.939291737,0.196408362
13.022522523,0.940134907,0.196383076
13.868243243,0.940134907,0.176299965
13.868243243,0.940978078,0.176279884
14.993243243,0.940978078,0.154396984
14.993243243,0.941821248,0.154364847
16.720720721,0.941821248,0.127515188
16.722972973,0.941821248,0.127505957
17.022522523,0.941821248,0.123694426
17.022522523,0.942664418,0.123659361
17.595720721,0.942664418,0.116840406
17.597972973,0.942664418,0.116826556
17.701576577,0.942664418,0.115745565
17.701576577,0.943507589,0.115704503
17.809684685,0.943507589,0.114476178
17.809684685,0.944350759,0.114471876
17.914414414,0.944350759,0.113265377
17.914414414,0.945193929,0.113264013
18.413288288,0.945193929,0.108272578
18.415540541,0.945193929,0.108264844
18.899774775,0.945193929,0.104540044
18.899774775,0.946037099,0.104525203
21.786036036,0.946037099,0.083344384
21.788288288,0.946037099,0.083328958
22.179054054,0.946037099,0.081140257
22.181306306,0.946037099,0.081136844
24.193693694,0.946037099,0.071080517
24.195945946,0.946037099,0.071078691
24.628378378,0.946037099,0.069101333
24.630630631,0.946037099,0.069099984
24.684684685,0.946037099,0.068887694
24.686936937,0.946037099,0.068886501
25.037162162,0.946037099,0.067395736
25.039414414,0.946037099,0.067391915
25.733108108,0.946037099,0.064662169
25.735360360,0.946037099,0.064660265
26.342342342,0.946037099,0.062644797
26.344594595,0.946037099,0.062638021
26.894144144,0.946037099,0.060717071
26.896396396,0.946037099,0.060713060
27.211711712,0.946037099,0.059734273
27.213963964,0.946037099,0.059730577
27.552927928,0.946037099,0.058716518
27.555180180,0.946037099,0.058708982
27.567567568,0.946037099,0.058671153
27.569819820,0.946037099,0.058665912
27.792792793,0.946037099,0.057998861
27.795045045,0.946037099,0.057998509
27.922297297,0.946037099,0.057629290
27.924549550,0.946037099,0.057624020
28.161036036,0.946037099,0.056998847
28.161036036,0.946880270,0.056998783
28.234234234,0.946880270,0.056789274
28.236486486,0.946880270,0.056777169
29.236486486,0.946880270,0.053889064
29.236486486,0.947723440,0.053888298
29.655405405,0.947723440,0.052640434
29.657657658,0.947723440,0.052639804
29.856981982,0.947723440,0.052229677
29.859234234,0.947723440,0.052226608
29.908783784,0.947723440,0.052103468
29.911036036,0.947723440,0.052100594
30.213963964,0.947723440,0.051349829
30.216216216,0.947723440,0.051349295
30.715090090,0.947723440,0.050226190
30.717342342,0.947723440,0.050224462
31.381756757,0.947723440,0.048840730
31.384009009,0.947723440,0.048836821
31.685810811,0.947723440,0.048151062
31.688063063,0.947723440,0.048146495
31.693693694,0.947723440,0.048133210
31.695945946,0.947723440,0.048132183
31.878378378,0.947723440,0.047804197
31.880630631,0.947723440,0.047803079
31.929054054,0.947723440,0.047720138
31.931306306,0.947723440,0.047716974
32.047297297,0.947723440,0.047496225
32.047297297,0.948566610,0.047494121
32.145270270,0.948566610,0.047291439
32.147522523,0.948566610,0.047289033
32.760135135,0.948566610,0.046149693
32.762387387,0.948566610,0.046146902
33.052927928,0.948566610,0.045682407
33.052927928,0.949409781,0.045678706
33.091216216,0.949409781,0.045597895
33.093468468,0.949409781,0.045597231
33.338963964,0.949409781,0.045243133
33.341216216,0.949409781,0.045241990
33.370495495,0.949409781,0.045187717
33.372747748,0.949409781,0.045181741
33.377252252,0.949409781,0.045174819
33.379504505,0.949409781,0.045174562
33.486486486,0.949409781,0.044982151
33.488738739,0.949409781,0.044979508
33.992117117,0.949409781,0.044254885
33.994369369,0.949409781,0.044254159
34.066441441,0.949409781,0.044153770
34.068693694,0.949409781,0.044152462
34.189189189,0.949409781,0.044012791
34.191441441,0.949409781,0.044012731
34.400900901,0.949409781,0.043668364
34.403153153,0.949409781,0.043666382
34.558558559,0.949409781,0.043416211
34.560810811,0.949409781,0.043414626
34.727477477,0.949409781,0.043204036
34.729729730,0.949409781,0.043202282
34.841216216,0.949409781,0.043037625
34.843468468,0.949409781,0.043036231
36.317567568,0.949409781,0.041025095
36.319819820,0.949409781,0.041022600
36.492117117,0.949409781,0.040824089
36.494369369,0.949409781,0.040823584
36.695945946,0.949409781,0.040615923
36.698198198,0.949409781,0.040613731
36.837837838,0.949409781,0.040494524
36.840090090,0.949409781,0.040491968
37.093468468,0.949409781,0.040201239
37.095720721,0.949409781,0.040200301
37.477477477,0.949409781,0.039802348
37.479729730,0.949409781,0.039801747
37.650900901,0.949409781,0.039610169
37.653153153,0.949409781,0.039607502
37.691441441,0.949409781,0.039563106
37.693693694,0.949409781,0.039561910
38.365990991,0.949409781,0.038979715
38.368243243,0.949409781,0.038978687
38.447072072,0.949409781,0.038900536
38.447072072,0.950252951,0.038900518
38.479729730,0.950252951,0.038876494
38.481981982,0.950252951,0.038873607
39.207207207,0.950252951,0.038179150
39.209459459,0.950252951,0.038178458
39.718468468,0.950252951,0.037731763
39.720720721,0.950252951,0.037729027
39.746621622,0.950252951,0.037703838
39.748873874,0.950252951,0.037703224
40.010135135,0.950252951,0.037482411
40.010135135,0.951096121,0.037481602
40.102477477,0.951096121,0.037403777
40.104729730,0.951096121,0.037403554
40.155405405,0.951096121,0.037358205
40.157657658,0.951096121,0.037356661
40.324324324,0.951096121,0.037221123
40.326576577,0.951096121,0.037220184
40.352477477,0.951096121,0.037198651
40.354729730,0.951096121,0.037198250
40.915540541,0.951096121,0.036778232
40.917792793,0.951096121,0.036777252
41.073198198,0.951096121,0.036670999
41.075450450,0.951096121,0.036669769
41.398648649,0.951096121,0.036442646
41.400900901,0.951096121,0.036441775
41.591216216,0.951096121,0.036323934
41.593468468,0.951096121,0.036322515
41.655405405,0.951096121,0.036282937
41.657657658,0.951096121,0.036281144
41.826576577,0.951096121,0.036168282
41.828828829,0.951096121,0.036166928
42.131756757,0.951096121,0.035970753
42.134009009,0.951096121,0.035969513
42.461711712,0.951096121,0.035741776
42.463963964,0.951096121,0.035741570
42.471846847,0.951096121,0.035739730
42.474099099,0.951096121,0.035739089
42.649774775,0.951096121,0.035625434
42.652027027,0.951096121,0.035625155
42.763513514,0.951096121,0.035556758
42.765765766,0.951096121,0.035555531
42.777027027,0.951096121,0.035546670
42.779279279,0.951096121,0.035544626
42.886261261,0.951096121,0.035474403
42.888513514,0.951096121,0.035473979
42.945945946,0.951096121,0.035438828
42.948198198,0.951096121,0.035436375
43.129504505,0.951096121,0.035309888
43.131756757,0.951096121,0.035309271
43.154279279,0.951096121,0.035296588
43.156531532,0.951096121,0.035296555
43.201576577,0.951096121,0.035262093
43.203828829,0.951096121,0.035261760
43.414414414,0.951096121,0.035134823
43.416666667,0.951096121,0.035134063
43.543918919,0.951096121,0.035056031
43.546171171,0.951096121,0.035055999
43.704954955,0.951096121,0.034962766
43.707207207,0.951096121,0.034962637
43.754504505,0.951096121,0.034938440
43.756756757,0.951096121,0.034937660
43.929054054,0.951096121,0.034831736
43.931306306,0.951096121,0.034830309
44.034909910,0.951096121,0.034769351
44.037162162,0.951096121,0.034768119
44.255630631,0.951096121,0.034635416
44.257882883,0.951096121,0.034634252
44.442567568,0.951096121,0.034534747
44.444819820,0.951096121,0.034534334
44.543918919,0.951096121,0.034483487
44.546171171,0.951096121,0.034483098
44.647522523,0.951096121,0.034440005
44.649774775,0.951096121,0.034439593
44.813063063,0.951096121,0.034346470
44.815315315,0.951096121,0.034346098
44.976351351,0.951096121,0.034257037
44.978603604,0.951096121,0.034256461
45.364864865,0.951096121,0.034058634
45.367117117,0.951096121,0.034057794
45.424549550,0.951096121,0.034026301
45.426801802,0.951096121,0.034025745
45.622747748,0.951096121,0.033908739
45.625000000,0.951096121,0.033906693
45.708333333,0.951096121,0.033866932
45.710585586,0.951096121,0.033866745
45.809684685,0.951096121,0.033818232
45.811936937,0.951096121,0.033817477
45.896396396,0.951096121,0.033768582
45.898648649,0.951096121,0.033766287
45.918918919,0.951096121,0.033753936
45.921171171,0.951096121,0.033753758
46.031531532,0.951096121,0.033691800
46.033783784,0.951096121,0.033691520
46.443693694,0.951096121,0.033475923
46.445945946,0.951096121,0.033475784
46.719594595,0.951096121,0.033330924
46.721846847,0.951096121,0.033329464
46.750000000,0.951096121,0.033311587
46.752252252,0.951096121,0.033311448
46.835585586,0.951096121,0.033264509
46.837837838,0.951096121,0.033262531
46.855855856,0.951096121,0.033256935
46.858108108,0.951096121,0.033256774
47.046171171,0.951096121,0.033150070
47.048423423,0.951096121,0.033149779
47.173423423,0.951096121,0.033090799
47.175675676,0.951096121,0.033090631
47.568693694,0.951096121,0.032884798
47.570945946,0.951096121,0.032884601
47.573198198,0.951096121,0.032882782
47.575450450,0.951096121,0.032880856
47.655405405,0.951096121,0.032836759
47.657657658,0.951096121,0.032836199
47.766891892,0.951096121,0.032781764
47.769144144,0.951096121,0.032781636
48.029279279,0.951096121,0.032647342
48.031531532,0.951096121,0.032646680
48.036036036,0.951096121,0.032644572
48.038288288,0.951096121,0.032644240
48.184684685,0.951096121,0.032564220
48.186936937,0.951096121,0.032563642
48.253378378,0.951096121,0.032524142
48.255630631,0.951096121,0.032523722
48.404279279,0.951096121,0.032457836
48.406531532,0.951096121,0.032456181
48.440315315,0.951096121,0.032439220
48.442567568,0.951096121,0.032437559
48.541666667,0.951096121,0.032386034
48.543918919,0.951096121,0.032385623
48.675675676,0.951096121,0.032313342
48.677927928,0.951096121,0.032312902
48.709459459,0.951096121,0.032292332
48.711711712,0.951096121,0.032291677
48.921171171,0.951096121,0.032164370
48.923423423,0.951096121,0.032163524
49.049549550,0.951096121,0.032102218
49.051801802,0.951096121,0.032101255
49.327702703,0.951096121,0.031961534
49.329954955,0.951096121,0.031961438
49.433558559,0.951096121,0.031905585
49.435810811,0.951096121,0.031905416
49.450450450,0.951096121,0.031898531
49.452702703,0.951096121,0.031898516
49.898648649,0.951096121,0.031647996
49.900900901,0.951096121,0.031647674
49.971846847,0.951096121,0.031617760
49.974099099,0.951096121,0.031617753
50.061936937,0.951096121,0.031565425
50.064189189,0.951096121,0.031564791
50.121621622,0.951096121,0.031530744
50.123873874,0.951096121,0.031530453
50.212837838,0.951096121,0.031468439
50.215090090,0.951096121,0.031467967
50.257882883,0.951096121,0.031437244
50.260135135,0.951096121,0.031435117
50.611486486,0.951096121,0.031195165
50.613738739,0.951096121,0.031194776
50.712837838,0.951096121,0.031133876
50.715090090,0.951096121,0.031133775
50.985360360,0.951096121,0.030957822
50.987612613,0.951096121,0.030956714
51.042792793,0.951096121,0.030923130
51.045045045,0.951096121,0.030920558
51.064189189,0.951096121,0.030907523
51.066441441,0.951096121,0.030907002
51.121621622,0.951096121,0.030868563
51.123873874,0.951096121,0.030866880
51.125000000,0.951096121,0.030866823
51.127252252,0.951096121,0.030864705
51.227477477,0.951096121,0.030802493
51.229729730,0.951096121,0.030801888
51.281531532,0.951096121,0.030767457
51.283783784,0.951096121,0.030766661
51.646396396,0.951096121,0.030505670
51.648648649,0.951096121,0.030505515
52.023648649,0.951096121,0.030247075
52.025900901,0.951096121,0.030246474
52.103603604,0.951096121,0.030196924
52.105855856,0.951096121,0.030196387
52.155405405,0.951096121,0.030160938
52.157657658,0.951096121,0.030159097
52.245495495,0.951096121,0.030103518
52.247747748,0.951096121,0.030102885
52.293918919,0.951096121,0.030069226
52.296171171,0.951096121,0.030068614
53.245495495,0.951096121,0.029477512
53.247747748,0.951096121,0.029477130
53.520270270,0.951096121,0.029299032
53.522522523,0.951096121,0.029298626
53.690315315,0.951096121,0.029169939
53.692567568,0.951096121,0.029169844
53.853603604,0.951096121,0.029077144
53.855855856,0.951096121,0.029076861
54.167792793,0.951096121,0.028883744
54.170045045,0.951096121,0.028883396
54.185810811,0.951096121,0.028876630
54.188063063,0.951096121,0.028876322
54.368243243,0.951096121,0.028767795
54.370495495,0.951096121,0.028767462
54.550675676,0.951096121,0.028648429
54.552927928,0.951096121,0.028648423
54.578828829,0.951096121,0.028632471
54.581081081,0.951096121,0.028632358
54.603603604,0.951096121,0.028615414
54.605855856,0.951096121,0.028615381
55.001126126,0.951096121,0.028391382
55.003378378,0.951096121,0.028391138
55.393018018,0.951096121,0.028169862
55.395270270,0.951096121,0.028169418
55.929054054,0.951096121,0.027887373
55.931306306,0.951096121,0.027887289
56.298423423,0.951096121,0.027693969
56.300675676,0.951096121,0.027693943
56.364864865,0.951096121,0.027655386
56.367117117,0.951096121,0.027654770
56.593468468,0.951096121,0.027523736
56.595720721,0.951096121,0.027522223
56.790540541,0.951096121,0.027408388
56.792792793,0.951096121,0.027408096
56.817567568,0.951096121,0.027397408
56.819819820,0.951096121,0.027397065
56.968468468,0.951096121,0.027310815
56.970720721,0.951096121,0.027309644
57.521396396,0.951096121,0.026986804
57.523648649,0.951096121,0.026986541
57.704954955,0.951096121,0.026883897
57.707207207,0.951096121,0.026881901
57.715090090,0.951096121,0.026878297
57.717342342,0.951096121,0.026878022
58.159909910,0.951096121,0.026656403
58.162162162,0.951096121,0.026655723
58.167792793,0.951096121,0.026654133
58.170045045,0.951096121,0.026653657
58.527027027,0.951096121,0.026459460
58.529279279,0.951096121,0.026459313
58.798423423,0.951096121,0.026337610
58.800675676,0.951096121,0.026336883
58.849099099,0.951096121,0.026317417
58.851351351,0.951096121,0.026315908
58.988738739,0.951096121,0.026249998
58.990990991,0.951096121,0.026249901
59.162162162,0.951096121,0.026156238
59.164414414,0.951096121,0.026156207
59.550675676,0.951096121,0.025966021
59.552927928,0.951096121,0.025964725
59.734234234,0.951096121,0.025874480
59.736486486,0.951096121,0.025874347
60.202702703,0.951096121,0.025629974
60.204954955,0.951096121,0.025627390
60.212837838,0.951096121,0.025625312
60.215090090,0.951096121,0.025624508
60.269144144,0.951096121,0.025596884
60.271396396,0.951096121,0.025596165
60.291666667,0.951096121,0.025585142
60.293918919,0.951096121,0.025585107
60.318693694,0.951096121,0.025571172
60.320945946,0.951096121,0.025571130
60.466216216,0.951096121,0.025496573
60.468468468,0.951096121,0.025496490
60.720720721,0.951096121,0.025352341
60.722972973,0.951096121,0.025352264
60.818693694,0.951096121,0.025306518
60.820945946,0.951096121,0.025306024
61.245495495,0.951096121,0.025101402
61.247747748,0.951096121,0.025101151
61.470720721,0.951096121,0.024982881
61.472972973,0.951096121,0.024982579
61.639639640,0.951096121,0.024889179
61.641891892,0.951096121,0.024889069
61.712837838,0.951096121,0.024857316
61.715090090,0.951096121,0.024856703
61.727477477,0.951096121,0.024849065
61.729729730,0.951096121,0.024848510
61.804054054,0.951096121,0.024802012
61.806306306,0.951096121,0.024801804
61.929054054,0.951096121,0.024747254
61.931306306,0.951096121,0.024747081
61.951576577,0.951096121,0.024736737
61.953828829,0.951096121,0.024736082
62.279279279,0.951096121,0.024557149
62.281531532,0.951096121,0.024556909
62.407657658,0.951096121,0.024500467
62.409909910,0.951096121,0.024499692
62.595720721,0.951096121,0.024402654
62.597972973,0.951096121,0.024402364
62.753378378,0.951096121,0.024314145
62.755630631,0.951096121,0.024313500
62.792792793,0.951096121,0.024291401
62.795045045,0.951096121,0.024291011
62.933558559,0.951096121,0.024212381
62.935810811,0.951096121,0.024211958
63.016891892,0.951096121,0.024163620
63.019144144,0.951096121,0.024162720
63.115990991,0.951096121,0.024115498
63.118243243,0.951096121,0.024115218
63.231981982,0.951096121,0.024063305
63.234234234,0.951096121,0.024062084
63.689189189,0.951096121,0.023816963
63.691441441,0.951096121,0.023816231
63.835585586,0.951096121,0.023732134
63.837837838,0.951096121,0.023731294
63.990990991,0.951096121,0.023651128
63.993243243,0.951096121,0.023650451
64.094594595,0.951096121,0.023605305
64.096846847,0.951096121,0.023604371
64.344594595,0.951096121,0.023467383
64.346846847,0.951096121,0.023466350
64.729729730,0.951096121,0.023277804
64.731981982,0.951096121,0.023277414
64.899774775,0.951096121,0.023192916
64.902027027,0.951096121,0.023192668
65.050675676,0.951096121,0.023106533
65.052927928,0.951096121,0.023106145
65.056306306,0.951096121,0.023100630
65.058558559,0.951096121,0.023099979
65.310810811,0.951096121,0.022971633
65.313063063,0.951096121,0.022969530
65.836711712,0.951096121,0.022697017
65.838963964,0.951096121,0.022696530
66.085585586,0.951096121,0.022583148
66.087837838,0.951096121,0.022582717
66.191441441,0.951096121,0.022536326
66.193693694,0.951096121,0.022535980
66.537162162,0.951096121,0.022363243
66.539414414,0.951096121,0.022362816
66.576576577,0.951096121,0.022349017
66.578828829,0.951096121,0.022348090
66.753378378,0.951096121,0.022262374
66.755630631,0.951096121,0.022261792
66.838963964,0.951096121,0.022213778
66.841216216,0.951096121,0.022212960
67.161036036,0.951096121,0.022061658
67.163288288,0.951096121,0.022060505
67.191441441,0.951096121,0.022048925
67.193693694,0.951096121,0.022048802
67.388513514,0.951096121,0.021948049
67.390765766,0.951096121,0.021947916
67.397522523,0.951096121,0.021944032
67.399774775,0.951096121,0.021942543
67.550675676,0.951096121,0.021859117
67.552927928,0.951096121,0.021858357
67.568693694,0.951096121,0.021852521
67.570945946,0.951096121,0.021852516
68.033783784,0.951096121,0.021605553
68.036036036,0.951096121,0.021605533
68.346846847,0.951096121,0.021450129
68.349099099,0.951096121,0.021449528
68.582207207,0.951096121,0.021323857
68.584459459,0.951096121,0.021323842
68.601351351,0.951096121,0.021314838
68.603603604,0.951096121,0.021314450
68.744369369,0.951096121,0.021245959
68.746621622,0.951096121,0.021245548
68.783783784,0.951096121,0.021234430
68.786036036,0.951096121,0.021233910
68.809684685,0.951096121,0.021221160
68.811936937,0.951096121,0.021220843
68.988738739,0.951096121,0.021137107
68.990990991,0.951096121,0.021136811
69.102477477,0.951096121,0.021078769
69.104729730,0.951096121,0.021077815
69.547297297,0.951096121,0.020881135
69.549549550,0.951096121,0.020880930
69.566441441,0.951096121,0.020872168
69.568693694,0.951096121,0.020871885
70.000000000,0.951096121,0.020661015
70.002252252,0.951096121,0.020660195
70.073198198,0.951096121,0.020625558
70.075450450,0.951096121,0.020625366
70.422297297,0.951096121,0.020451649
70.424549550,0.951096121,0.020450741
70.670045045,0.951096121,0.020316260
70.670045045,0.951939292,0.020315985
70.961711712,0.951939292,0.020162335
70.963963964,0.951939292,0.020161812
70.984234234,0.951939292,0.020155487
70.986486486,0.951939292,0.020154979
71.091216216,0.951939292,0.020107093
71.093468468,0.951939292,0.020106736
71.122747748,0.951939292,0.020089766
71.125000000,0.951939292,0.020088565
71.257882883,0.951939292,0.020026080
71.260135135,0.951939292,0.020025584
71.376126126,0.951939292,0.019967471
71.378378378,0.951939292,0.019966855
71.521396396,0.951939292,0.019896487
71.523648649,0.951939292,0.019896232
71.559684685,0.951939292,0.019881792
71.561936937,0.951939292,0.019880793
71.657657658,0.951939292,0.019836512
71.659909910,0.951939292,0.019836428
71.708333333,0.951939292,0.019814134
71.710585586,0.951939292,0.019814028
71.881756757,0.951939292,0.019734232
71.884009009,0.951939292,0.019734177
71.992117117,0.951939292,0.019691145
71.994369369,0.951939292,0.019690363
72.061936937,0.951939292,0.019665233
72.064189189,0.951939292,0.019665030
72.105855856,0.951939292,0.019645446
72.108108108,0.951939292,0.019645303
72.255630631,0.951939292,0.019585736
72.257882883,0.951939292,0.019584994
72.283783784,0.951939292,0.019571859
72.286036036,0.951939292,0.019571832
72.511261261,0.951939292,0.019471026
72.513513514,0.951939292,0.019470972
72.631756757,0.951939292,0.019421437
72.634009009,0.951939292,0.019420978
72.854729730,0.951939292,0.019342571
72.856981982,0.951939292,0.019342490
72.941441441,0.951939292,0.019301325
72.943693694,0.951939292,0.019300873
73.141891892,0.951939292,0.019220402
73.144144144,0.951939292,0.019219638
73.404279279,0.951939292,0.019107094
73.406531532,0.951939292,0.019105539
73.409909910,0.951939292,0.019102546
73.412162162,0.951939292,0.019102313
73.985360360,0.951939292,0.018879559
73.987612613,0.951939292,0.018878711
74.084459459,0.951939292,0.018838126
74.086711712,0.951939292,0.018835668
74.166666667,0.951939292,0.018806811
74.166666667,0.952782462,0.018806538
74.426801802,0.952782462,0.018706667
74.429054054,0.952782462,0.018706028
74.548423423,0.952782462,0.018655276
74.550675676,0.952782462,0.018654578
74.698198198,0.952782462,0.018600594
74.700450450,0.952782462,0.018599837
75.152027027,0.952782462,0.018404184
75.154279279,0.952782462,0.018403895
75.459459459,0.952782462,0.018283106
75.461711712,0.952782462,0.018282961
75.468468468,0.952782462,0.018280727
75.470720721,0.952782462,0.018280573
75.626126126,0.952782462,0.018225280
75.628378378,0.952782462,0.018224282
75.668918919,0.952782462,0.018208709
75.671171171,0.952782462,0.018208582
76.039414414,0.952782462,0.018066675
76.041666667,0.952782462,0.018066472
76.659909910,0.952782462,0.017832404
76.662162162,0.952782462,0.017832229
76.752252252,0.952782462,0.017793219
76.754504505,0.952782462,0.017792619
76.780405405,0.952782462,0.017781190
76.782657658,0.952782462,0.017780815
76.800675676,0.952782462,0.017772056
76.802927928,0.952782462,0.017771207
76.841216216,0.952782462,0.017749247
76.843468468,0.952782462,0.017749105
77.013513514,0.952782462,0.017674574
77.015765766,0.952782462,0.017674118
77.052927928,0.952782462,0.017657750
77.055180180,0.952782462,0.017657560
77.269144144,0.952782462,0.017564339
77.271396396,0.952782462,0.017564035
77.314189189,0.952782462,0.017545202
77.314189189,0.953625632,0.017543616
77.368243243,0.953625632,0.017519461
77.370495495,0.953625632,0.017519354
77.470720721,0.953625632,0.017481361
77.472972973,0.953625632,0.017481116
77.501126126,0.953625632,0.017467215
77.503378378,0.953625632,0.017466724
78.020270270,0.953625632,0.017225454
78.022522523,0.953625632,0.017225139
78.111486486,0.953625632,0.017188764
78.113738739,0.953625632,0.017187837
78.174549550,0.953625632,0.017163858
78.176801802,0.953625632,0.017163850
78.268018018,0.953625632,0.017116544
78.270270270,0.953625632,0.017115894
78.335585586,0.953625632,0.017085518
78.337837838,0.953625632,0.017084621
78.531531532,0.953625632,0.016981282
78.533783784,0.953625632,0.016980963
79.104729730,0.953625632,0.016711441
79.106981982,0.953625632,0.016710218
79.200450450,0.953625632,0.016655291
79.202702703,0.953625632,0.016654463
79.261261261,0.953625632,0.016625679
79.263513514,0.953625632,0.016625391
79.510135135,0.953625632,0.016491972
79.512387387,0.953625632,0.016491609
79.634009009,0.953625632,0.016432277
79.636261261,0.953625632,0.016431715
80.052927928,0.953625632,0.016221018
80.055180180,0.953625632,0.016220173
80.683558559,0.953625632,0.015881742
80.685810811,0.953625632,0.015880758
80.809684685,0.953625632,0.015810198
80.811936937,0.953625632,0.015810183
80.965090090,0.953625632,0.015724817
80.967342342,0.953625632,0.015724758
81.045045045,0.953625632,0.015678212
81.047297297,0.953625632,0.015676432
81.230855856,0.953625632,0.015555626
81.233108108,0.953625632,0.015555473
81.315315315,0.953625632,0.015501545
81.317567568,0.953625632,0.015501530
82.129504505,0.953625632,0.014933977
82.131756757,0.953625632,0.014930967
82.228603604,0.953625632,0.014855280
82.230855856,0.953625632,0.014851993
82.586711712,0.953625632,0.014482889
82.588963964,0.953625632,0.014482576
83.122747748,0.953625632,0.013825823
83.125000000,0.953625632,0.013823763
83.344594595,0.953625632,0.013534529
83.346846847,0.953625632,0.013533696
83.409909910,0.953625632,0.013467040
83.412162162,0.953625632,0.013466400
83.537162162,0.953625632,0.013324859
83.539414414,0.953625632,0.013324138
83.804054054,0.953625632,0.012987337
83.806306306,0.953625632,0.012985608
83.932432432,0.953625632,0.012845843
83.934684685,0.953625632,0.012845456
85.036036036,0.953625632,0.011600319
85.038288288,0.953625632,0.011600177
85.233108108,0.953625632,0.011374769
85.235360360,0.953625632,0.011374528
85.278153153,0.953625632,0.011327128
85.280405405,0.953625632,0.011326028
85.552927928,0.953625632,0.011029850
85.555180180,0.953625632,0.011028513
85.762387387,0.953625632,0.010797338
85.764639640,0.953625632,0.010796982
85.854729730,0.953625632,0.010690146
85.856981982,0.953625632,0.010689788
86.777027027,0.953625632,0.009688609
86.779279279,0.953625632,0.009688358
87.998873874,0.953625632,0.008249593
88.001126126,0.953625632,0.008248700
88.127252252,0.953625632,0.008095752
88.129504505,0.953625632,0.008095277
88.371621622,0.953625632,0.007818496
88.373873874,0.953625632,0.007816325
88.582207207,0.953625632,0.007571266
88.584459459,0.953625632,0.007570879
89.112612613,0.953625632,0.006841467
89.114864865,0.953625632,0.006840440
90.097972973,0.953625632,0.003424298
